[gd_scene load_steps=31 format=3 uid="uid://bu3patb680jal"]

[ext_resource type="Script" path="res://Scenes/level_01.gd" id="1_cm4m6"]
[ext_resource type="PackedScene" uid="uid://ci612bgc6r3x1" path="res://BuildingBlocks/floor.tscn" id="1_vx0we"]
[ext_resource type="PackedScene" uid="uid://dqjf7xe6278u7" path="res://Entities/player.tscn" id="3_ehfn2"]
[ext_resource type="PackedScene" uid="uid://gb6v11hpxp6g" path="res://Gadgets/camera.tscn" id="3_gsc6c"]
[ext_resource type="PackedScene" uid="uid://b4ke0butr6b3a" path="res://BuildingBlocks/invisibleWall.tscn" id="3_t5aii"]
[ext_resource type="PackedScene" uid="uid://d2mloe1w5y5wg" path="res://BuildingBlocks/block.tscn" id="6_vu8qr"]
[ext_resource type="PackedScene" uid="uid://dhmi7bckyg0k2" path="res://Gadgets/superLight.tscn" id="7_legx3"]
[ext_resource type="PackedScene" uid="uid://dp3uvhvmc42f1" path="res://Gadgets/SocketArray.tscn" id="8_6maxr"]
[ext_resource type="PackedScene" uid="uid://bq2xb3uuaqivf" path="res://Items/Battery.tscn" id="9_sll6n"]
[ext_resource type="PackedScene" uid="uid://buileofclqu2x" path="res://Gadgets/Road.tscn" id="10_t352k"]
[ext_resource type="PackedScene" uid="uid://cfoltqx27q4f5" path="res://Gadgets/streetLight.tscn" id="11_hsly8"]
[ext_resource type="PackedScene" uid="uid://hsyxg1ydgpg0" path="res://Gadgets/Car.tscn" id="12_nk0a3"]
[ext_resource type="PackedScene" uid="uid://c8rubgifvu7ns" path="res://Gadgets/Cable.tscn" id="13_c7lxq"]
[ext_resource type="PackedScene" uid="uid://dqax8s62i3xmi" path="res://Gadgets/boiler.tscn" id="14_yrtyh"]
[ext_resource type="PackedScene" uid="uid://dvu5rhbq64dqb" path="res://Items/WorkLight.tscn" id="15_cj87s"]
[ext_resource type="PackedScene" uid="uid://bikefj2032jwl" path="res://Items/cinderblock.tscn" id="15_kmp4o"]
[ext_resource type="PackedScene" uid="uid://1so85f1c5jgt" path="res://Items/Stick.tscn" id="16_vxi5e"]
[ext_resource type="PackedScene" uid="uid://dpqd7qs18dur5" path="res://Gadgets/Socket.tscn" id="17_6n11j"]
[ext_resource type="PackedScene" uid="uid://cqdxr0x5p473b" path="res://Items/WorkLightTall.tscn" id="18_4g5n7"]
[ext_resource type="PackedScene" uid="uid://lr4eosfujbif" path="res://BuildingBlocks/Crate.tscn" id="19_p6let"]
[ext_resource type="PackedScene" uid="uid://ydqtpgy5ffku" path="res://Gadgets/Spawner.tscn" id="20_x85iw"]
[ext_resource type="PackedScene" uid="uid://bkyp1882v2dpj" path="res://BuildingBlocks/Barrel.tscn" id="22_bug07"]
[ext_resource type="PackedScene" uid="uid://b0srr10fjqtww" path="res://BuildingBlocks/Fence.tscn" id="23_73b21"]
[ext_resource type="PackedScene" uid="uid://cn2y8amb3kwd4" path="res://Gadgets/trigger.tscn" id="24_g1x83"]
[ext_resource type="Texture2D" uid="uid://cd6imihb0gj5d" path="res://Assets/charge.png" id="25_x53du"]
[ext_resource type="Texture2D" uid="uid://bemwbqjk2f5tp" path="res://Assets/sockes.png" id="26_ahqfc"]
[ext_resource type="PackedScene" uid="uid://2yfrwsgvruwt" path="res://Items/wateringCan.tscn" id="27_l5kta"]

[sub_resource type="ProceduralSkyMaterial" id="ProceduralSkyMaterial_krdv6"]
sky_top_color = Color(0.183667, 0.234185, 0.297457, 1)
sky_horizon_color = Color(0.0789774, 0.182212, 0.36486, 1)
ground_bottom_color = Color(0.162537, 0.213109, 0.368358, 1)
ground_horizon_color = Color(0.143633, 0.238096, 0.450691, 1)

[sub_resource type="Sky" id="Sky_yssyq"]
sky_material = SubResource("ProceduralSkyMaterial_krdv6")

[sub_resource type="Environment" id="Environment_0abdw"]
background_mode = 2
background_energy_multiplier = 0.7
sky = SubResource("Sky_yssyq")
ambient_light_source = 3
reflected_light_source = 2
ssao_radius = 4.46
ssao_intensity = 3.72
ssao_power = 1.84672
ssao_light_affect = 0.15
ssao_ao_channel_affect = 0.14
fog_enabled = true
fog_light_color = Color(0.153672, 0.237979, 0.402362, 1)
fog_sky_affect = 0.0
adjustment_enabled = true
adjustment_brightness = 1.27
adjustment_contrast = 1.11

[node name="Level01" type="Node3D"]
script = ExtResource("1_cm4m6")

[node name="Floor" parent="." instance=ExtResource("1_vx0we")]
transform = Transform3D(8.90199, 0, 0, 0, 1, 0, 0, 0, 8.99693, -0.120748, -0.463436, -0.244771)
metadata/_edit_lock_ = true

[node name="Block" parent="." instance=ExtResource("6_vu8qr")]
transform = Transform3D(7.87297, 0, 4.26249, 0, 3.03694, 0, -3.89021, 0, 8.62639, -5.92448, 1.73708, -11.0689)

[node name="Block8" parent="." instance=ExtResource("6_vu8qr")]
transform = Transform3D(13.9504, 0, 0.0497799, 0, 0.550748, 0, -6.89321, 0, 0.100744, 5.03749, 0.395875, 15.4362)

[node name="Block9" parent="." instance=ExtResource("6_vu8qr")]
transform = Transform3D(15.43, 0, 0.0145274, 0, 0.550748, 0, -2.01167, 0, 0.111429, -9.73348, 0.395875, 19.917)

[node name="Block14" parent="." instance=ExtResource("6_vu8qr")]
transform = Transform3D(-3.6071, 0, 0.100527, 0, 0.550748, 0, -9.60517, 0, -0.0377514, -30.2195, 0.395875, 11.7046)

[node name="Block15" parent="." instance=ExtResource("6_vu8qr")]
transform = Transform3D(-4.14631, 0, -0.0528249, 0, 0.550748, 0, 5.60281, 0, -0.0390926, -29.8319, 0.395875, 4.46146)

[node name="Block16" parent="." instance=ExtResource("6_vu8qr")]
transform = Transform3D(-2.74041, 0, -0.0377102, 0, 0.550748, 0, 2.13773, 0, -0.0483416, -19.9442, 0.395875, 17.1088)

[node name="Block17" parent="." instance=ExtResource("6_vu8qr")]
transform = Transform3D(-6.80231, 0, 0.0143357, 0, 0.550748, 0, -1.5205, 0, -0.0641341, -24.8024, 0.395876, 17.451)

[node name="Block12" parent="." instance=ExtResource("6_vu8qr")]
transform = Transform3D(10.1213, 0, -0.0176066, 0, 0.550748, 0, 1.68228, 0, 0.105928, -22.767, 0.395875, 2.41573)

[node name="Block13" parent="." instance=ExtResource("6_vu8qr")]
transform = Transform3D(-1.97179, 0, 0.10538, 0, 0.550748, 0, -10.0689, 0, -0.0206365, -16.5114, 0.395876, 8.51916)

[node name="Block10" parent="." instance=ExtResource("6_vu8qr")]
transform = Transform3D(15.43, 0, 0.0145274, 0, 0.550748, 0, -2.01167, 0, 0.111429, 19.7999, 0.395874, 10.9372)

[node name="Block11" parent="." instance=ExtResource("6_vu8qr")]
transform = Transform3D(15.5568, 0, -0.00245133, 0, 0.550748, 0, 0.339445, 0, 0.112345, 18.3764, 0.395876, -21.5738)

[node name="Block19" parent="." instance=ExtResource("6_vu8qr")]
transform = Transform3D(4.0996, 0, -0.0744887, 0, 0.550748, 0, 6.25127, 0, 0.0488499, 28.4278, 0.395873, -17.9342)

[node name="Block43" parent="." instance=ExtResource("6_vu8qr")]
transform = Transform3D(-0.022822, 0, -0.112372, 0, 0.550748, 0, 15.5606, 0, -0.000164824, 30.4437, 0.395873, -6.65796)

[node name="Block21" parent="." instance=ExtResource("6_vu8qr")]
transform = Transform3D(15.3682, 0, 0.0176137, 0, 0.550748, 0, -2.43903, 0, 0.110983, 4.45788, 0.395874, -16.8084)

[node name="Block6" parent="." instance=ExtResource("6_vu8qr")]
transform = Transform3D(6.61814, 0, 0.45568, 0, 4.41809, 0, -0.43598, 0, 6.91719, 11.3353, 1.86988, -13.7617)

[node name="Block2" parent="." instance=ExtResource("3_t5aii")]
transform = Transform3D(2.58471, 0, -0.0273459, 0, 1, 0, 0.0707076, 0, 0.999626, 21.5508, 4.42454, -21.8063)

[node name="Block30" parent="." instance=ExtResource("3_t5aii")]
transform = Transform3D(0.555554, 0, -0.825754, 0, 1, 0, 0.77211, 0, 0.594151, 28.4608, 4.42454, -18.6486)

[node name="Block31" parent="." instance=ExtResource("3_t5aii")]
transform = Transform3D(-0.207721, 0, -0.811418, 0, 1, 0, 0.255765, 0, -0.658998, 16.0526, 4.42454, -20.3946)

[node name="Block3" parent="." instance=ExtResource("3_t5aii")]
transform = Transform3D(1.2074, 0, -0.236211, 0, 1, 0, 0.293506, 0, 0.971702, -26.2695, 4.42454, 17.5414)

[node name="Block33" parent="." instance=ExtResource("3_t5aii")]
transform = Transform3D(1.07856, 0, -0.496535, 0, 1, 0, 0.616974, 0, 0.868017, -15.8039, 4.42454, 21.9379)

[node name="Block34" parent="." instance=ExtResource("3_t5aii")]
transform = Transform3D(1.55336, 0, 0.510587, 0, 1, 0, -0.742278, 0, 1.0685, 4.98396, 4.42454, 16.1078)

[node name="Block35" parent="." instance=ExtResource("3_t5aii")]
transform = Transform3D(1.98892, 0, 0.149644, 0, 1, 0, -0.248191, 0, 1.19919, 22.1399, 4.42454, 11.2334)

[node name="Block4" parent="." instance=ExtResource("3_t5aii")]
transform = Transform3D(-0.960477, 0, 0.947729, 0, 1, 0, -2.85285, 0, -0.319075, -31.7006, 4.42454, 9.94051)

[node name="Block26" parent="." instance=ExtResource("3_t5aii")]
transform = Transform3D(2.0867, 0, 0.720733, 0, 1, 0, -2.16954, 0, 0.693213, -32.5961, 4.42454, 6.55292)

[node name="Block27" parent="." instance=ExtResource("3_t5aii")]
transform = Transform3D(2.69636, 0, 0.444573, 0, 1, 0, -1.33825, 0, 0.895743, -16.9403, 4.42454, -17.1174)

[node name="Block32" parent="." instance=ExtResource("3_t5aii")]
transform = Transform3D(2.98261, 0, 0.135058, 0, 1, 0, -0.406552, 0, 0.990838, -1.04332, 4.42454, 19.1186)

[node name="Block29" parent="." instance=ExtResource("3_t5aii")]
transform = Transform3D(2.96857, 0, 0.165719, 0, 1, 0, -0.498846, 0, 0.986173, 0.503602, 4.42454, -16.6961)

[node name="Block28" parent="." instance=ExtResource("3_t5aii")]
transform = Transform3D(-0.14759, 0, 0.834801, 0, 1, 0, -0.514302, 0, -0.239565, -22.7454, 4.42454, -6.37023)

[node name="Block5" parent="." instance=ExtResource("3_t5aii")]
transform = Transform3D(-2.50728e-07, 0, 1, 0, 1, 0, -5.73598, 0, -4.37114e-08, 30.157, 4.42454, -1.58509)

[node name="Camera" parent="." node_paths=PackedStringArray("target") instance=ExtResource("3_gsc6c")]
transform = Transform3D(1, 0, 0, 0, 1, 0, 0, 0, 1, -0.665205, 7.54273, 20.9565)
target = NodePath("../Player")
distance = 5.0

[node name="Player" parent="." instance=ExtResource("3_ehfn2")]
transform = Transform3D(1, 0, 0, 0, 1, 0, 0, 0, 1, 21.2918, 0.580852, -15.9867)
speed = 5

[node name="WorldEnvironment" type="WorldEnvironment" parent="."]
environment = SubResource("Environment_0abdw")

[node name="DirectionalLight3D" type="DirectionalLight3D" parent="."]
transform = Transform3D(0.832197, 0.426126, 0.354774, 0.290786, -0.88019, 0.375113, 0.472114, -0.209005, -0.856403, 0, 3.53171, 0)
light_color = Color(0.506974, 0.566664, 0.815383, 1)
shadow_enabled = true

[node name="Cinderblock" parent="." instance=ExtResource("15_kmp4o")]
transform = Transform3D(-0.217167, -0.00514704, 0.976121, 0.00455974, 0.99997, 0.00628724, -0.976124, 0.00581624, -0.217137, 7.62475, 0.120707, -11.2)

[node name="Cinderblock2" parent="." instance=ExtResource("15_kmp4o")]
transform = Transform3D(-0.695325, -0.00514704, 0.718677, 0.000601255, 0.99997, 0.00774333, -0.718695, 0.00581624, -0.695301, 7.05776, 0.114792, -10.6849)

[node name="Cinderblock3" parent="." instance=ExtResource("15_kmp4o")]
transform = Transform3D(-0.461269, 0, -0.887261, 0, 1, 0, 0.887261, 0, -0.461269, 7.39129, 0.692135, -11.0618)

[node name="SuperLight" parent="." instance=ExtResource("7_legx3")]
transform = Transform3D(-0.39718, 0, -0.917741, 0, 1, 0, 0.917741, 0, -0.39718, 20.1126, 6.51535, -8.7507)
light_power = 30

[node name="SuperLight2" parent="." instance=ExtResource("7_legx3")]
transform = Transform3D(1, 0, 0, 0, 1, 0, 0, 0, 1, -22.6015, 6.47737, 11.5436)
light_power = 20

[node name="SocketArray" parent="." node_paths=PackedStringArray("objective") instance=ExtResource("8_6maxr")]
transform = Transform3D(0.592997, 0, 0.805204, 0, 1, 0, -0.805204, 0, 0.592997, -28.9775, 0.271702, 6.11178)
objective = NodePath("../SuperLight2")
objective_clear_message = "Crops are Safe"

[node name="SocketArray2" parent="." node_paths=PackedStringArray("objective") instance=ExtResource("8_6maxr")]
transform = Transform3D(0.999993, 0, 0.00364769, 0, 1, 0, -0.00364769, 0, 0.999993, 22.1643, 0.271702, -19.896)
objective = NodePath("../SuperLight")
objective_clear_message = "Barn is safe"

[node name="Battery" parent="." instance=ExtResource("9_sll6n")]
transform = Transform3D(1, 0, 0, 0, 1, 0, 0, 0, 1, -18.176, 0.275713, 4.16969)
starting_power = 10

[node name="Battery7" parent="." instance=ExtResource("9_sll6n")]
transform = Transform3D(1, 0, 0, 0, 1, 0, 0, 0, 1, -17.7233, 0.275713, 5.59998)
starting_power = 10

[node name="Battery2" parent="." instance=ExtResource("9_sll6n")]
transform = Transform3D(1, 0, 0, 0, 1, 0, 0, 0, 1, -1.4184, 0.275712, -13.9223)
starting_power = 10

[node name="Battery13" parent="." instance=ExtResource("9_sll6n")]
transform = Transform3D(0.557803, 0, 0.829973, 0, 1, 0, -0.829973, 0, 0.557803, -24.3035, 1.53041, 8.73961)
starting_power = 100

[node name="Battery15" parent="." instance=ExtResource("9_sll6n")]
transform = Transform3D(0.557803, 0, 0.829973, 0, 1, 0, -0.829973, 0, 0.557803, 25.1062, 1.53041, -13.5043)
starting_power = 100

[node name="Battery16" parent="." instance=ExtResource("9_sll6n")]
transform = Transform3D(0.557803, 0, 0.829973, 0, 1, 0, -0.829973, 0, 0.557803, 23.502, 1.53041, -11.7017)
starting_power = 100

[node name="Battery18" parent="." instance=ExtResource("9_sll6n")]
transform = Transform3D(0.557803, 0, 0.829973, 0, 1, 0, -0.829973, 0, 0.557803, 22.4509, 1.53041, -12.5472)
starting_power = 100

[node name="Battery17" parent="." instance=ExtResource("9_sll6n")]
transform = Transform3D(0.557803, 0, 0.829973, 0, 1, 0, -0.829973, 0, 0.557803, -22.917, 1.53041, 7.50735)
starting_power = 100

[node name="Battery14" parent="." instance=ExtResource("9_sll6n")]
transform = Transform3D(0.557803, 0, 0.829973, 0, 1, 0, -0.829973, 0, 0.557803, -25.2692, 1.53041, 0.702533)
starting_power = 100

[node name="Battery9" parent="." instance=ExtResource("9_sll6n")]
transform = Transform3D(1, 0, 0, 0, 1, 0, 0, 0, 1, 15.5862, 0.275712, -11.5343)
starting_power = 10

[node name="Battery4" parent="." instance=ExtResource("9_sll6n")]
transform = Transform3D(1, 0, 0, 0, 1, 0, 0, 0, 1, 5.04715, 0.275712, 6.92968)
starting_power = 10

[node name="Battery5" parent="." instance=ExtResource("9_sll6n")]
transform = Transform3D(1, 0, 0, 0, 1, 0, 0, 0, 1, -17.2623, 0.27571, 19.6516)
starting_power = 50

[node name="Battery6" parent="." instance=ExtResource("9_sll6n")]
transform = Transform3D(1, 0, 0, 0, 1, 0, 0, 0, 1, -10.2142, 0.275709, -7.9942)
starting_power = 10

[node name="Block39" parent="." instance=ExtResource("3_t5aii")]
transform = Transform3D(0.380893, 0, -0.924619, 0, 1, 0, 0.924619, 0, 0.380893, -13.1136, -0.213436, -13.2971)

[node name="PointA" type="Node3D" parent="."]
transform = Transform3D(1, 0, 0, 0, 1, 0, 0, 0, 1, 10.6197, -0.580697, -13.1466)

[node name="PointB" type="Node3D" parent="."]
transform = Transform3D(1, 0, 0, 0, 1, 0, 0, 0, 1, 38.8053, -0.580697, 10.4067)

[node name="PointA2" type="Node3D" parent="."]
transform = Transform3D(1, 0, 0, 0, 1, 0, 0, 0, 1, -23.2314, -0.580697, -21.2266)

[node name="PointB2" type="Node3D" parent="."]
transform = Transform3D(1, 0, 0, 0, 1, 0, 0, 0, 1, -1.24133, -0.580695, 6.36314)

[node name="PointA3" type="Node3D" parent="."]
transform = Transform3D(1, 0, 0, 0, 1, 0, 0, 0, 1, -2.80232, -0.580697, 6.16749)

[node name="PointB3" type="Node3D" parent="."]
transform = Transform3D(1, 0, 0, 0, 1, 0, 0, 0, 1, 15.5028, -0.580695, -1.45545)

[node name="Road" parent="." node_paths=PackedStringArray("point_a", "point_b") instance=ExtResource("10_t352k")]
transform = Transform3D(1, 0, 0, 0, 1, 0, 0, 0, 1, 0, -0.02913, 0)
road_width = 5
bend = 10
point_a = NodePath("../PointA")
point_b = NodePath("../PointB")

[node name="Road2" parent="." node_paths=PackedStringArray("point_a", "point_b") instance=ExtResource("10_t352k")]
transform = Transform3D(1, 0, 0, 0, 1, 0, 0, 0, 1, 0, -0.02913, 0)
road_width = 5
point_a = NodePath("../PointA2")
point_b = NodePath("../PointB2")

[node name="PointA4" type="Node3D" parent="."]
transform = Transform3D(1, 0, 0, 0, 1, 0, 0, 0, 1, -22.8629, -0.580697, -20.7583)

[node name="PointB4" type="Node3D" parent="."]
transform = Transform3D(1, 0, 0, 0, 1, 0, 0, 0, 1, -48.9683, -0.580695, -926.299)

[node name="Road4" parent="." node_paths=PackedStringArray("point_a", "point_b") instance=ExtResource("10_t352k")]
transform = Transform3D(1, 0, 0, 0, 1, 0, 0, 0, 1, 0, -0.02913, 0)
road_width = 5
bend = 200
point_a = NodePath("../PointA4")
point_b = NodePath("../PointB4")

[node name="Road3" parent="." node_paths=PackedStringArray("point_a", "point_b") instance=ExtResource("10_t352k")]
transform = Transform3D(1, 0, 0, 0, 1, 0, 0, 0, 1, 0, -0.02913, 0)
road_width = 5
bend = 0
point_a = NodePath("../PointA3")
point_b = NodePath("../PointB3")

[node name="StreetLight" parent="." instance=ExtResource("11_hsly8")]
transform = Transform3D(0.89926, 0, 0.437414, 0, 1, 0, -0.437414, 0, 0.89926, 4.03815, -1.13827, 6.50209)

[node name="StreetLight2" parent="." instance=ExtResource("11_hsly8")]
transform = Transform3D(0.172256, 0, -0.985052, 0, 1, 0, 0.985052, 0, 0.172256, -22.6131, -1.13827, -12.8847)

[node name="Car" parent="." instance=ExtResource("12_nk0a3")]
transform = Transform3D(0.946148, 0, 0.323736, 0, 1, 0, -0.323736, 0, 0.946148, 3.93754, 0.345575, -8.96384)
show_health = true

[node name="Cable" parent="." instance=ExtResource("13_c7lxq")]
transform = Transform3D(1, 0, 0, 0, 1, 0, 0, 0, 1, 5.50188, 0.452565, 2.72211)

[node name="Boiler" parent="." instance=ExtResource("14_yrtyh")]
transform = Transform3D(0.99995, 0, 0.010018, 0, 1, 0, -0.010018, 0, 0.99995, 8.95178, -0.203833, -9.50082)

[node name="Boiler2" parent="." instance=ExtResource("14_yrtyh")]
transform = Transform3D(0.765281, 0, 0.643696, 0, 1, 0, -0.643696, 0, 0.765281, -22.9036, -0.203833, -2.01067)

[node name="WorkLight" parent="." instance=ExtResource("15_cj87s")]
transform = Transform3D(0.773575, 0, 0.633705, 0, 1, 0, -0.633705, 0, 0.773575, 11.7743, 0.382838, 8.69952)

[node name="Stick" parent="." instance=ExtResource("16_vxi5e")]
transform = Transform3D(0.825153, 0, 0.564909, 0, 1, 0, -0.564909, 0, 0.825153, 25.2849, -0.213436, -7.76728)

[node name="Stick2" parent="." instance=ExtResource("16_vxi5e")]
transform = Transform3D(0.798751, 0, 0.601662, 0, 1, 0, -0.601662, 0, 0.798751, -4.85723, -0.213436, 11.9185)

[node name="Stick3" parent="." instance=ExtResource("16_vxi5e")]
transform = Transform3D(0.0141457, 0.402212, 0.915438, 0.919072, 0.355374, -0.170342, -0.393837, 0.843762, -0.364635, -21.1496, 0.252006, -4.17244)

[node name="Stick10" parent="." instance=ExtResource("16_vxi5e")]
transform = Transform3D(0.123324, 0.980719, 0.151598, 0.0976631, 0.140028, -0.98532, -0.987549, 0.136319, -0.0785112, -21.2448, 1.10189, -5.05711)

[node name="Stick4" parent="." instance=ExtResource("16_vxi5e")]
transform = Transform3D(0.936971, 0, 0.349406, 0, 1, 0, -0.349406, 0, 0.936971, -16.2842, -0.213436, 18.0551)

[node name="Stick5" parent="." instance=ExtResource("16_vxi5e")]
transform = Transform3D(0.784094, 0, -0.620642, 0, 1, 0, 0.620642, 0, 0.784094, -26.9646, -0.213436, 15.3222)

[node name="Stick6" parent="." instance=ExtResource("16_vxi5e")]
transform = Transform3D(1, 0, 0, 0, 1, 0, 0, 0, 1, -21.1917, 0.120009, -8.91186)

[node name="Stick7" parent="." instance=ExtResource("16_vxi5e")]
transform = Transform3D(0.237544, -0.591944, -0.770179, 0.969292, 0.0925253, 0.227843, -0.0636094, -0.800651, 0.595745, -11.6576, 0.430391, -8.54349)

[node name="Cinderblock4" parent="." instance=ExtResource("15_kmp4o")]
transform = Transform3D(0.00736517, 0, 0.999973, 0, 1, 0, -0.999973, 0, 0.00736517, -15.2941, 0.0572866, 10.4199)

[node name="Cinderblock6" parent="." instance=ExtResource("15_kmp4o")]
transform = Transform3D(-0.446042, 0, 0.895012, 0, 1, 0, -0.895012, 0, -0.446042, -15.4615, 0.0572866, 9.20941)

[node name="Cinderblock5" parent="." instance=ExtResource("15_kmp4o")]
transform = Transform3D(0.00736517, 0, 0.999973, 0, 1, 0, -0.999973, 0, 0.00736517, -15.3713, 0.62899, 9.81787)

[node name="Cinderblock7" parent="." instance=ExtResource("15_kmp4o")]
transform = Transform3D(0.866086, 0, -0.499894, 0, 1, 0, 0.499894, 0, 0.866086, -30.0146, 0.0667387, 8.03401)

[node name="Cinderblock8" parent="." instance=ExtResource("15_kmp4o")]
transform = Transform3D(0.974535, 0, -0.224237, 0, 1, 0, 0.224237, 0, 0.974535, -30.0146, 0.6852, 8.03401)

[node name="Socket" parent="." instance=ExtResource("17_6n11j")]
transform = Transform3D(0.987968, 0, -0.154659, 0, 1, 0, 0.154659, 0, 0.987968, -22.0584, -0.213437, 3.1988)

[node name="Socket3" parent="." instance=ExtResource("17_6n11j")]
transform = Transform3D(-0.344577, 0, 0.938758, 0, 1, 0, -0.938758, 0, -0.344577, -28.5388, -0.213437, 14.2246)

[node name="Socket2" parent="." instance=ExtResource("17_6n11j")]
transform = Transform3D(0.356771, 0, 0.934192, 0, 1, 0, -0.934192, 0, 0.356771, 17.068, -0.213437, -16.1636)

[node name="WorkLightTall" parent="." instance=ExtResource("18_4g5n7")]
transform = Transform3D(0.424326, 0, -0.90551, 0, 1, 0, 0.90551, 0, 0.424326, -29.4502, 0.477929, 10.306)

[node name="WorkLight2" parent="." instance=ExtResource("15_cj87s")]
transform = Transform3D(0.319092, 0, -0.947724, 0, 1, 0, 0.947724, 0, 0.319092, -14.7036, 0.327951, 11.7458)

[node name="Boiler3" parent="." instance=ExtResource("14_yrtyh")]
transform = Transform3D(0.99204, 0, 0.125922, 0, 1, 0, -0.125922, 0, 0.99204, -3.7013, -0.213436, 18.1627)

[node name="Cinderblock9" parent="." instance=ExtResource("15_kmp4o")]
transform = Transform3D(1, 0, 0, 0, 1, 0, 0, 0, 1, -5.26692, 1.80788, 18.6337)

[node name="Stick8" parent="." instance=ExtResource("16_vxi5e")]
transform = Transform3D(0.261844, 0.836278, -0.481743, 0.807558, 0.083479, 0.583851, 0.528477, -0.541913, -0.653485, -0.561685, 0.39981, 17.8305)

[node name="Stick9" parent="." instance=ExtResource("16_vxi5e")]
transform = Transform3D(0.230708, -0.936235, 0.265024, 0.913765, 0.114867, -0.389664, 0.334375, 0.332068, 0.882, 0.308658, 0.39981, 17.5086)

[node name="Battery8" parent="." instance=ExtResource("9_sll6n")]
transform = Transform3D(1, 0, 0, 0, 1, 0, 0, 0, 1, 0.87277, 0.280268, 17.0246)

[node name="Cable2" parent="." instance=ExtResource("13_c7lxq")]
transform = Transform3D(0.507343, 0, 0.861744, 0, 1, 0, -0.861744, 0, 0.507343, -2.4921, 1.39622, 17.72)

[node name="WorkLightTall2" parent="." instance=ExtResource("18_4g5n7")]
transform = Transform3D(-0.934074, 0, 0.35708, 0, 1, 0, -0.35708, 0, -0.934074, 6.13367, 0.497885, -15.811)

[node name="Socket4" parent="." instance=ExtResource("17_6n11j")]
transform = Transform3D(0.986867, 0, 0.161535, 0, 1, 0, -0.161535, 0, 0.986867, 0.0972395, -0.213436, -15.3096)

[node name="Cable3" parent="." instance=ExtResource("13_c7lxq")]
transform = Transform3D(-0.891489, 0, 0.453041, 0, 1, 0, -0.453041, 0, -0.891489, 9.9258, 2.05764, -7.61414)

[node name="Crate" parent="." instance=ExtResource("19_p6let")]
transform = Transform3D(1.57768, 0, 0, 0, 1.57768, 0, 0, 0, 1.57768, -26.8581, -0.243031, 0.526012)

[node name="Crate2" parent="." instance=ExtResource("19_p6let")]
transform = Transform3D(1.01578, 0, 0.720734, 0, 1.2455, 0, -0.720734, 0, 1.01578, -25.1538, -0.243031, -0.926199)

[node name="Crate3" parent="." instance=ExtResource("19_p6let")]
transform = Transform3D(1.06455, 0, -0.0948214, 0, 1.06877, 0, 0.0948214, 0, 1.06455, -25.0332, -0.243031, 0.855799)

[node name="Crate4" parent="." instance=ExtResource("19_p6let")]
transform = Transform3D(0.69824, 0, 0.715863, 0, 1, 0, -0.715863, 0, 0.69824, -19.3092, -0.213436, 17.499)

[node name="Crate5" parent="." instance=ExtResource("19_p6let")]
transform = Transform3D(1.1023, 0, 0.995064, 0, 1.485, 0, -0.995064, 0, 1.1023, -20.4705, -0.213436, 18.5724)

[node name="Crate6" parent="." instance=ExtResource("19_p6let")]
transform = Transform3D(-1.76947, 0, 0.741842, 0, 0.870719, 0, -1.21531, 0, -1.08011, -18.9056, -0.213436, 20.4139)

[node name="Crate7" parent="." instance=ExtResource("19_p6let")]
transform = Transform3D(0.0238689, 0, 0.746653, 0, 0.747034, 0, -0.746653, 0, 0.0238689, -19.2797, 0.805358, 20.0495)

[node name="Crate8" parent="." instance=ExtResource("19_p6let")]
transform = Transform3D(1.26386, 0, 0.140938, 0, 1.45091, 0, -0.140938, 0, 1.26386, -5.26226, -0.213436, 18.2952)

[node name="Crate9" parent="." instance=ExtResource("19_p6let")]
transform = Transform3D(1.0506, 0, 0.599928, 0, 1.7682, 0, -0.563139, 0, 1.11924, -10.8919, -0.213436, -9.35231)

[node name="Crate10" parent="." instance=ExtResource("19_p6let")]
transform = Transform3D(0.817852, 0, 1.14216, 0, 1.5198, 0, -2.15618, 0, 0.433227, 16.292, -0.213436, -18.2713)

[node name="Crate11" parent="." instance=ExtResource("19_p6let")]
transform = Transform3D(-0.119876, 0, 1.4729, 0, 1.68126, 0, -0.994966, 0, -0.177458, 16.6588, -0.213436, -20.635)

[node name="Crate12" parent="." instance=ExtResource("19_p6let")]
transform = Transform3D(-1.65445, 0, 0.85925, 0, 1.91603, 0, -0.821167, 0, -1.73118, 14.1817, -0.213436, -19.1473)

[node name="Spawner" parent="." instance=ExtResource("20_x85iw")]
transform = Transform3D(1, 0, 0, 0, 1, 0, 0, 0, 1, 26.0527, 0.229584, 8.58701)

[node name="Spawner2" parent="." instance=ExtResource("20_x85iw")]
transform = Transform3D(1, 0, 0, 0, 1, 0, 0, 0, 1, -16.3552, 0.229584, -14.5978)

[node name="Crate13" parent="." instance=ExtResource("22_bug07")]
transform = Transform3D(1, 0, 0, 0, 1, 0, 0, 0, 1, -6.93035, -0.213436, 18.4243)

[node name="Block7" parent="." instance=ExtResource("23_73b21")]
transform = Transform3D(0.923391, 0, 0.38386, 0, 1, 0, -0.38386, 0, 0.923391, -11.9151, -0.213436, -10.2551)

[node name="Block18" parent="." instance=ExtResource("23_73b21")]
transform = Transform3D(0.923391, 0, 0.38386, 0, 1, 0, -0.38386, 0, 0.923391, -13.2713, -0.213436, -13.5272)

[node name="Block20" parent="." instance=ExtResource("23_73b21")]
transform = Transform3D(-0.983003, 0, -0.183591, 0, 1, 0, 0.183591, 0, -0.983003, -23.6915, -0.213436, -13.6605)

[node name="Block24" parent="." instance=ExtResource("23_73b21")]
transform = Transform3D(-0.983003, 0, -0.183591, 0, 1, 0, 0.183591, 0, -0.983003, -23.0449, -0.213437, -10.1781)

[node name="Block23" parent="." instance=ExtResource("23_73b21")]
transform = Transform3D(-0.983003, 0, -0.183591, 0, 1, 0, 0.183591, 0, -0.983003, -22.3063, -0.213436, -6.6022)

[node name="Block25" parent="." instance=ExtResource("23_73b21")]
transform = Transform3D(-0.589069, 0, 0.808083, 0, 1, 0, -0.808083, 0, -0.589069, -22.1062, -0.213437, -3.37479)

[node name="Trigger" parent="." instance=ExtResource("24_g1x83")]
transform = Transform3D(1.45273, 0, 7.26833, 0, 4.53214, 0, -9.32164, 0, 1.13273, -21.9316, -0.213436, 0.223321)
one_time = true
hint_image = ExtResource("25_x53du")
hint_message = "Boilers can also charge batteries."

[node name="Cinderblock10" parent="." instance=ExtResource("15_kmp4o")]
transform = Transform3D(-4.21106e-08, 0.963378, 0.268146, -1, -4.37114e-08, 0, 1.17211e-08, -0.268146, 0.963378, -21.1575, 0.384513, -4.80122)

[node name="Cinderblock11" parent="." instance=ExtResource("15_kmp4o")]
transform = Transform3D(-2.81188e-08, 0.643282, 0.765629, -1, -4.37114e-08, 0, 3.34667e-08, -0.765629, 0.643282, -21.206, 0.384513, -5.4464)

[node name="Cable4" parent="." instance=ExtResource("13_c7lxq")]
transform = Transform3D(0.267322, 0, -0.963607, 0, 1, 0, 0.963607, 0, 0.267322, -19.6894, 1.73114, 1.97238)

[node name="Trigger2" parent="." instance=ExtResource("24_g1x83")]
transform = Transform3D(6.59103, 0, 1.18568, 0, 6.69683, 0, -1.18568, 0, 6.59103, 3.97136, -0.213436, -9.52708)
one_time = true
hint_image = ExtResource("26_ahqfc")
hint_message = "Use POWER SOURCES to light up areas to keep the goblins away."

[node name="WateringCan" parent="." instance=ExtResource("27_l5kta")]
transform = Transform3D(1, 0, 0, 0, 1, 0, 0, 0, 1, -16.0639, 0.0293523, 6.27238)
